180,20.0,5.0,8.5,1.0,8.0,7.6
360,20.0,5.0,8.5,1.0,8.0,7.6
540,20.0,5.0,8.5,1.0,8.0,7.6
720,20.0,5.0,8.5,1.0,8.0,7.6
900,20.0,5.0,8.5,1.0,8.0,7.6
1080,20.0,5.0,8.5,1.0,8.0,7.6
1260,20.0,5.0,8.5,1.0,8.0,7.6
1440,20.0,5.0,8.5,1.0,8.0,7.6
1620,20.0,5.0,8.5,1.0,8.0,7.6
1800,20.0,5.0,8.5,1.0,8.0,7.6
1980,20.0,5.0,8.5,1.0,8.0,7.6
2160,20.0,5.0,8.5,1.0,8.0,7.6
2340,20.0,5.0,8.5,1.0,8.0,7.6
2520,20.0,5.0,8.5,1.0,8.0,7.6
2700,20.0,5.0,8.5,1.0,8.0,7.6
2880,20.0,5.0,8.5,1.0,8.0,7.6
3060,20.0,5.0,8.5,1.0,8.0,7.6
3240,20.0,5.0,8.5,1.0,8.0,7.6
3420,20.0,5.0,8.5,1.0,8.0,7.6
3600,20.0,5.0,8.5,1.0,8.0,7.6
3780,20.0,5.0,8.5,1.0,8.0,7.6
3960,20.0,5.0,8.5,1.0,8.0,7.6
4140,20.0,5.0,8.5,1.0,8.0,7.6
4320,20.0,5.0,8.5,1.0,8.0,7.6
4500,20.0,5.0,8.5,1.0,8.0,7.6
4680,20.0,5.0,8.5,1.0,8.0,7.6
4860,20.0,5.0,8.5,1.0,8.0,7.6
5040,20.0,5.0,8.5,1.0,8.0,7.6
5220,20.0,5.0,8.5,1.0,8.0,7.6
5400,20.0,5.0,8.5,1.0,8.0,7.6
5580,20.0,5.0,8.5,1.0,8.0,7.6
5760,20.0,5.0,8.5,1.0,8.0,7.6
5940,20.0,5.0,8.5,1.0,8.0,7.6
6120,20.0,5.0,8.5,1.0,8.0,7.6
6300,20.0,5.0,8.5,1.0,8.0,7.6
6480,20.0,5.0,8.5,1.0,8.0,7.6
6660,20.0,5.0,8.5,1.0,8.0,7.6
6840,20.0,5.0,8.5,1.0,8.0,7.6
7020,20.0,5.0,8.5,1.0,8.0,7.6
7200,20.0,5.0,8.5,1.0,8.0,7.6
7380,20.0,5.0,8.5,1.0,8.0,7.6
7560,20.0,5.0,8.5,1.0,8.0,7.6
7740,20.0,5.0,8.5,1.0,8.0,7.6
7920,20.0,5.0,8.5,1.0,8.0,7.6
8100,20.0,5.0,8.5,1.0,8.0,7.6
8280,20.0,5.0,8.5,1.0,8.0,7.6
8460,20.0,5.0,8.5,1.0,8.0,7.6
8640,20.0,5.0,8.5,1.0,8.0,7.6
8820,20.0,5.0,8.5,1.0,8.0,7.6
9000,20.0,5.0,8.5,1.0,8.0,7.6
9180,20.0,5.0,8.5,1.0,8.0,7.6
9360,20.0,5.0,8.5,1.0,8.0,7.6
9540,20.0,5.0,8.5,1.0,8.0,7.6
9720,20.0,5.0,8.5,1.0,8.0,7.6
9900,20.0,5.0,8.5,1.0,8.0,7.6
10080,20.0,5.0,8.5,1.0,8.0,7.6
10260,20.0,5.0,8.5,1.0,8.0,7.6
10440,20.0,5.0,8.5,1.0,8.0,7.6
10620,20.0,5.0,8.5,1.0,8.0,7.6
10800,20.0,5.0,8.5,1.0,8.0,7.6
10980,20.0,5.0,8.5,1.0,8.0,7.6
11160,20.0,5.0,8.5,1.0,8.0,7.6
11340,20.0,5.0,8.5,1.0,8.0,7.6
11520,20.0,5.0,8.5,1.0,8.0,7.6
11700,20.0,5.0,8.5,1.0,8.0,7.6
11880,20.0,5.0,8.5,1.0,8.0,7.6
12060,20.0,5.0,8.5,1.0,8.0,7.6
12240,20.0,5.0,8.5,1.0,8.0,7.6
12420,20.0,5.0,8.5,1.0,8.0,7.6
12600,20.0,5.0,8.5,1.0,8.0,7.6
12780,20.0,5.0,8.5,1.0,8.0,7.6
12960,20.0,5.0,8.5,1.0,8.0,7.6
13140,20.0,5.0,8.5,1.0,8.0,7.6
13320,20.0,5.0,8.5,1.0,8.0,7.6
13500,20.0,5.0,8.5,1.0,8.0,7.6
13680,20.0,5.0,8.5,1.0,8.0,7.6
13860,20.0,5.0,8.5,1.0,8.0,7.6
14040,20.0,5.0,8.5,1.0,8.0,7.6
14220,20.0,5.0,8.5,1.0,8.0,7.6
14400,20.0,5.0,8.5,1.0,8.0,7.6
14580,20.0,5.0,8.5,1.0,8.0,7.6
14760,20.0,5.0,8.5,1.0,8.0,7.6
14940,20.0,5.0,8.5,1.0,8.0,7.6
15120,20.0,5.0,8.5,1.0,8.0,7.6
15300,20.0,5.0,8.5,1.0,8.0,7.6
15480,20.0,5.0,8.5,1.0,8.0,7.6
15660,20.0,5.0,8.5,1.0,8.0,7.6
15840,20.0,5.0,8.5,1.0,8.0,7.6
16020,20.0,5.0,8.5,1.0,8.0,7.6
16200,20.0,5.0,8.5,1.0,8.0,7.6
16380,20.0,5.0,8.5,1.0,8.0,7.6
16560,20.0,5.0,8.5,1.0,8.0,7.6
16740,20.0,5.0,8.5,1.0,8.0,7.6
16920,20.0,5.0,8.5,1.0,8.0,7.6
17000,20.0,5.0,8.5,1.0,8.0,7.6
17280,20.0,5.0,8.5,1.0,8.0,7.6
17460,20.0,5.0,8.5,1.0,8.0,7.6
17640,20.0,5.0,8.5,1.0,8.0,7.6
17820,20.0,5.0,8.5,1.0,8.0,7.6
18000,20.0,5.0,8.5,1.0,8.0,7.6
18180,20.0,5.0,8.5,1.0,8.0,7.6
18360,20.0,5.0,8.5,1.0,8.0,7.6
18540,20.0,5.0,8.5,1.0,8.0,7.6
18720,20.0,5.0,8.5,1.0,8.0,7.6
18900,20.0,5.0,8.5,1.0,8.0,7.6
19080,20.0,5.0,8.5,1.0,8.0,7.6
19260,20.0,5.0,8.5,1.0,8.0,7.6
19440,20.0,5.0,8.5,1.0,8.0,7.6
19620,20.0,5.0,8.5,1.0,8.0,7.6
19800,20.0,5.0,8.5,1.0,8.0,7.6
20160,20.0,5.0,8.5,1.0,8.0,7.6
20340,20.0,5.0,8.5,1.0,8.0,7.6
20520,20.0,5.0,8.5,1.0,8.0,7.6
20700,20.0,5.0,8.5,1.0,8.0,7.6
20880,20.0,5.0,8.5,1.0,8.0,7.6
21060,20.0,5.0,8.5,1.0,8.0,7.6
21240,20.0,5.0,8.5,1.0,8.0,7.6
21420,20.0,5.0,8.5,1.0,8.0,7.6
21600,20.0,5.0,8.5,1.0,8.0,7.6
21780,20.0,5.0,8.5,1.0,8.0,7.6
21960,20.0,5.0,8.5,1.0,8.0,7.6
22140,20.0,5.0,8.5,1.0,8.0,7.6
22320,20.0,5.0,8.5,1.0,8.0,7.6
22500,20.0,5.0,8.5,1.0,8.0,7.6
22680,20.0,5.0,8.5,1.0,8.0,7.6
22860,20.0,5.0,8.5,1.0,8.0,7.6
23040,20.0,5.0,8.5,1.0,8.0,7.6
23220,20.0,5.0,8.5,1.0,8.0,7.6
23400,20.0,5.0,8.5,1.0,8.0,7.6
23580,20.0,5.0,8.5,1.0,8.0,7.6
23760,20.0,5.0,8.5,1.0,8.0,7.6
23940,20.0,5.0,8.5,1.0,8.0,7.6
24120,20.0,5.0,8.5,1.0,8.0,7.6
24300,20.0,5.0,8.5,1.0,8.0,7.6
24480,20.0,5.0,8.5,1.0,8.0,7.6
24660,20.0,5.0,8.5,1.0,8.0,7.6
24840,20.0,5.0,8.5,1.0,8.0,7.6
25020,20.0,5.0,8.5,1.0,8.0,7.6
25200,20.0,5.0,8.5,1.0,8.0,7.6
25380,20.0,5.0,8.5,1.0,8.0,7.6
25560,20.0,5.0,8.5,1.0,8.0,7.6
25740,20.0,5.0,8.5,1.0,8.0,7.6
25920,20.0,5.0,8.5,1.0,8.0,7.6
26100,20.0,5.0,8.5,1.0,8.0,7.6
26280,20.0,5.0,8.5,1.0,8.0,7.6
26460,20.0,5.0,8.5,1.0,8.0,7.6
26640,20.0,5.0,8.5,1.0,8.0,7.6
26820,20.0,5.0,8.5,1.0,8.0,7.6
27000,20.0,5.0,8.5,1.0,8.0,7.6
27180,20.0,5.0,8.5,1.0,8.0,7.6
27360,20.0,5.0,8.5,1.0,8.0,7.6
27540,20.0,5.0,8.5,1.0,8.0,7.6
27720,20.0,5.0,8.5,1.0,8.0,7.6
27900,20.0,5.0,8.5,1.0,8.0,7.6
28080,20.0,5.0,8.5,1.0,8.0,7.6
28260,20.0,5.0,8.5,1.0,8.0,7.6
28440,20.0,5.0,8.5,1.0,8.0,7.6
28620,20.0,5.0,8.5,1.0,8.0,7.6
28800,20.0,5.0,8.5,1.0,8.0,7.6
28980,20.0,5.0,8.5,1.0,8.0,7.6
29160,20.0,5.0,8.5,1.0,8.0,7.6
29340,20.0,5.0,8.5,1.0,8.0,7.6
29520,20.0,5.0,8.5,1.0,8.0,7.6
29700,20.0,5.0,8.5,1.0,8.0,7.6
29880,20.0,5.0,8.5,1.0,8.0,7.6
30060,20.0,5.0,8.5,1.0,8.0,7.6
30240,20.0,5.0,8.5,1.0,8.0,7.6
30420,20.0,5.0,8.5,1.0,8.0,7.6
30600,20.0,5.0,8.5,1.0,8.0,7.6
30780,20.0,5.0,8.5,1.0,8.0,7.6
30960,20.0,5.0,8.5,1.0,8.0,7.6
31140,20.0,5.0,8.5,1.0,8.0,7.6
31320,20.0,5.0,8.5,1.0,8.0,7.6
31500,20.0,5.0,8.5,1.0,8.0,7.6
31680,20.0,5.0,8.5,1.0,8.0,7.6
31860,20.0,5.0,8.5,1.0,8.0,7.6
32040,20.0,5.0,8.5,1.0,8.0,7.6
32220,20.0,5.0,8.5,1.0,8.0,7.6
32400,20.0,5.0,8.5,1.0,8.0,7.6
32580,20.0,5.0,8.5,1.0,8.0,7.6
32760,20.0,5.0,8.5,1.0,8.0,7.6
32940,20.0,5.0,8.5,1.0,8.0,7.6
33120,20.0,5.0,8.5,1.0,8.0,7.6
33300,20.0,5.0,8.5,1.0,8.0,7.6
33480,20.0,5.0,8.5,1.0,8.0,7.6
33660,20.0,5.0,8.5,1.0,8.0,7.6
33840,20.0,5.0,8.5,1.0,8.0,7.6
34020,20.0,5.0,8.5,1.0,8.0,7.6
34200,20.0,5.0,8.5,1.0,8.0,7.6
34380,20.0,5.0,8.5,1.0,8.0,7.6
34560,20.0,5.0,8.5,1.0,8.0,7.6
34740,20.0,5.0,8.5,1.0,8.0,7.6
34920,20.0,5.0,8.5,1.0,8.0,7.6
35400,20.0,5.0,8.5,1.0,8.0,7.6
35280,20.0,5.0,8.5,1.0,8.0,7.6
35460,20.0,5.0,8.5,1.0,8.0,7.6
35820,20.0,5.0,8.5,1.0,8.0,7.6
36000,20.0,5.0,8.5,1.0,8.0,7.6
36180,20.0,5.0,8.5,1.0,8.0,7.6
36360,20.0,5.0,8.5,1.0,8.0,7.6
36540,20.0,5.0,8.5,1.0,8.0,7.6
36720,20.0,5.0,8.5,1.0,8.0,7.6
36900,20.0,5.0,8.5,1.0,8.0,7.6
37080,20.0,5.0,8.5,1.0,8.0,7.6
37260,20.0,5.0,8.5,1.0,8.0,7.6
37440,20.0,5.0,8.5,1.0,8.0,7.6
37620,20.0,5.0,8.5,1.0,8.0,7.6
37800,20.0,5.0,8.5,1.0,8.0,7.6
37980,20.0,5.0,8.5,1.0,8.0,7.6
38160,20.0,5.0,8.5,1.0,8.0,7.6
38340,20.0,5.0,8.5,1.0,8.0,7.6
38520,20.0,5.0,8.5,1.0,8.0,7.6
38700,20.0,5.0,8.5,1.0,8.0,7.6
38880,20.0,5.0,8.5,1.0,8.0,7.6
39060,20.0,5.0,8.5,1.0,8.0,7.6
39240,20.0,5.0,8.5,1.0,8.0,7.6
39420,20.0,5.0,8.5,1.0,8.0,7.6
39600,20.0,5.0,8.5,1.0,8.0,7.6
39780,20.0,5.0,8.5,1.0,8.0,7.6
39960,20.0,5.0,8.5,1.0,8.0,7.6
40140,20.0,5.0,8.5,1.0,8.0,7.6
40320,20.0,5.0,8.5,1.0,8.0,7.6
40500,20.0,5.0,8.5,1.0,8.0,7.6
40680,20.0,5.0,8.5,1.0,8.0,7.6
40860,20.0,5.0,8.5,1.0,8.0,7.6
41040,20.0,5.0,8.5,1.0,8.0,7.6
41220,20.0,5.0,8.5,1.0,8.0,7.6
41400,20.0,5.0,8.5,1.0,8.0,7.6
41580,20.0,5.0,8.5,1.0,8.0,7.6
41760,20.0,5.0,8.5,1.0,8.0,7.6
41940,20.0,5.0,8.5,1.0,8.0,7.6
42120,20.0,5.0,8.5,1.0,8.0,7.6
42300,20.0,5.0,8.5,1.0,8.0,7.6
42480,20.0,5.0,8.5,1.0,8.0,7.6
42660,20.0,5.0,8.5,1.0,8.0,7.6
42840,20.0,5.0,8.5,1.0,8.0,7.6
43020,20.0,5.0,8.5,1.0,8.0,7.6
43200,20.0,5.0,8.5,1.0,8.0,7.6
43380,20.0,5.0,8.5,1.0,8.0,7.6
43560,20.0,5.0,8.5,1.0,8.0,7.6
43740,20.0,5.0,8.5,1.0,8.0,7.6
43920,20.0,5.0,8.5,1.0,8.0,7.6
44100,20.0,5.0,8.5,1.0,8.0,7.6
44280,20.0,5.0,8.5,1.0,8.0,7.6
44460,20.0,5.0,8.5,1.0,8.0,7.6
44640,20.0,5.0,8.5,1.0,8.0,7.6
44820,20.0,5.0,8.5,1.0,8.0,7.6
45000,20.0,5.0,8.5,1.0,8.0,7.6
45180,20.0,5.0,8.5,1.0,8.0,7.6
45360,20.0,5.0,8.5,1.0,8.0,7.6
45540,20.0,5.0,8.5,1.0,8.0,7.6
45720,20.0,5.0,8.5,1.0,8.0,7.6
45900,20.0,5.0,8.5,1.0,8.0,7.6
46080,20.0,5.0,8.5,1.0,8.0,7.6
46260,20.0,5.0,8.5,1.0,8.0,7.6
46440,20.0,5.0,8.5,1.0,8.0,7.6
46620,20.0,5.0,8.5,1.0,8.0,7.6
46800,20.0,5.0,8.5,1.0,8.0,7.6
46980,20.0,5.0,8.5,1.0,8.0,7.6
47160,20.0,5.0,8.5,1.0,8.0,7.6
47340,20.0,5.0,8.5,1.0,8.0,7.6
47520,20.0,5.0,8.5,1.0,8.0,7.6
47700,20.0,5.0,8.5,1.0,8.0,7.6
47880,20.0,5.0,8.5,1.0,8.0,7.6
48060,20.0,5.0,8.5,1.0,8.0,7.6
48240,20.0,5.0,8.5,1.0,8.0,7.6
47420,20.0,5.0,8.5,1.0,8.0,7.6
48611,20.0,5.0,8.5,1.0,8.0,7.6
48780,20.0,5.0,8.5,1.0,8.0,7.6
48960,20.0,5.0,8.5,1.0,8.0,7.6
49140,20.0,5.0,8.5,1.0,8.0,7.6
49320,20.0,5.0,8.5,1.0,8.0,7.6
49500,20.0,5.0,8.5,1.0,8.0,7.6
49680,20.0,5.0,8.5,1.0,8.0,7.6
49860,20.0,5.0,8.5,1.0,8.0,7.6
50040,20.0,5.0,8.5,1.0,8.0,7.6
50220,20.0,5.0,8.5,1.0,8.0,7.6
50400,20.0,5.0,8.5,1.0,8.0,7.6
50580,20.0,5.0,8.5,1.0,8.0,7.6
50760,20.0,5.0,8.5,1.0,8.0,7.6
50940,20.0,5.0,8.5,1.0,8.0,7.6
51120,20.0,5.0,8.5,1.0,8.0,7.6
51300,20.0,5.0,8.5,1.0,8.0,7.6
51480,20.0,5.0,8.5,1.0,8.0,7.6
51660,20.0,5.0,8.5,1.0,8.0,7.6
51840,20.0,5.0,8.5,1.0,8.0,7.6
52020,20.0,5.0,8.5,1.0,8.0,7.6
52200,20.0,5.0,8.5,1.0,8.0,7.6
52380,20.0,5.0,8.5,1.0,8.0,7.6
52560,20.0,5.0,8.5,1.0,8.0,7.6
52740,20.0,5.0,8.5,1.0,8.0,7.6
52920,20.0,5.0,8.5,1.0,8.0,7.6
53100,20.0,5.0,8.5,1.0,8.0,7.6
53280,20.0,5.0,8.5,1.0,8.0,7.6
53460,20.0,5.0,8.5,1.0,8.0,7.6
53640,20.0,5.0,8.5,1.0,8.0,7.6
53820,20.0,5.0,8.5,1.0,8.0,7.6
54000,20.0,5.0,8.5,1.0,8.0,7.6
54180,20.0,5.0,8.5,1.0,8.0,7.6
54360,20.0,5.0,8.5,1.0,8.0,7.6
54540,20.0,5.0,8.5,1.0,8.0,7.6
54720,20.0,5.0,8.5,1.0,8.0,7.6
54900,20.0,5.0,8.5,1.0,8.0,7.6
55080,20.0,5.0,8.5,1.0,8.0,7.6
55260,20.0,5.0,8.5,1.0,8.0,7.6
55440,20.0,5.0,8.5,1.0,8.0,7.6
55620,20.0,5.0,8.5,1.0,8.0,7.6
55800,20.0,5.0,8.5,1.0,8.0,7.6
55980,20.0,5.0,8.5,1.0,8.0,7.6
56160,20.0,5.0,8.5,1.0,8.0,7.6
56340,20.0,5.0,8.5,1.0,8.0,7.6
56520,20.0,5.0,8.5,1.0,8.0,7.6
56700,20.0,5.0,8.5,1.0,8.0,7.6
56880,20.0,5.0,8.5,1.0,8.0,7.6
57060,20.0,5.0,8.5,1.0,8.0,7.6
57240,20.0,5.0,8.5,1.0,8.0,7.6
57420,20.0,5.0,8.5,1.0,8.0,7.6
57600,20.0,5.0,8.5,1.0,8.0,7.6
57780,20.0,5.0,8.5,1.0,8.0,7.6
57960,20.0,5.0,8.5,1.0,8.0,7.6
58140,20.0,5.0,8.5,1.0,8.0,7.6
58320,20.0,5.0,8.5,1.0,8.0,7.6
58500,20.0,5.0,8.5,1.0,8.0,7.6
58680,20.0,5.0,8.5,1.0,8.0,7.6
58860,20.0,5.0,8.5,1.0,8.0,7.6
59040,20.0,5.0,8.5,1.0,8.0,7.6
59220,20.0,5.0,8.5,1.0,8.0,7.6
59400,20.0,5.0,8.5,1.0,8.0,7.6
59580,20.0,5.0,8.5,1.0,8.0,7.6
59760,20.0,5.0,8.5,1.0,8.0,7.6
59940,20.0,5.0,8.5,1.0,8.0,7.6
60120,20.0,5.0,8.5,1.0,8.0,7.6
60300,20.0,5.0,8.5,1.0,8.0,7.6
60480,20.0,5.0,8.5,1.0,8.0,7.6
60660,20.0,5.0,8.5,1.0,8.0,7.6
60840,20.0,5.0,8.5,1.0,8.0,7.6
61020,20.0,5.0,8.5,1.0,8.0,7.6
61200,20.0,5.0,8.5,1.0,8.0,7.6
61380,20.0,5.0,8.5,1.0,8.0,7.6
61560,20.0,5.0,8.5,1.0,8.0,7.6
61740,20.0,5.0,8.5,1.0,8.0,7.6
61920,20.0,5.0,8.5,1.0,8.0,7.6
62100,20.0,5.0,8.5,1.0,8.0,7.6
62280,20.0,5.0,8.5,1.0,8.0,7.6
62460,20.0,5.0,8.5,1.0,8.0,7.6
62640,20.0,5.0,8.5,1.0,8.0,7.6
62820,20.0,5.0,8.5,1.0,8.0,7.6
63000,20.0,5.0,8.5,1.0,8.0,7.6
63180,20.0,5.0,8.5,1.0,8.0,7.6
63360,20.0,5.0,8.5,1.0,8.0,7.6
63540,20.0,5.0,8.5,1.0,8.0,7.6
63720,20.0,5.0,8.5,1.0,8.0,7.6
63900,20.0,5.0,8.5,1.0,8.0,7.6
64080,20.0,5.0,8.5,1.0,8.0,7.6
64260,20.0,5.0,8.5,1.0,8.0,7.6
64440,20.0,5.0,8.5,1.0,8.0,7.6
64620,20.0,5.0,8.5,1.0,8.0,7.6
64800,20.0,5.0,8.5,1.0,8.0,7.6
64980,20.0,5.0,8.5,1.0,8.0,7.6
65160,20.0,5.0,8.5,1.0,8.0,7.6
65340,20.0,5.0,8.5,1.0,8.0,7.6
65520,20.0,5.0,8.5,1.0,8.0,7.6
65700,20.0,5.0,8.5,1.0,8.0,7.6
65880,20.0,5.0,8.5,1.0,8.0,7.6
66060,20.0,5.0,8.5,1.0,8.0,7.6
66240,20.0,5.0,8.5,1.0,8.0,7.6
66420,20.0,5.0,8.5,1.0,8.0,7.6
66600,20.0,5.0,8.5,1.0,8.0,7.6
66780,20.0,5.0,8.5,1.0,8.0,7.6
66960,20.0,5.0,8.5,1.0,8.0,7.6
67140,20.0,5.0,8.5,1.0,8.0,7.6
67320,20.0,5.0,8.5,1.0,8.0,7.6
67500,20.0,5.0,8.5,1.0,8.0,7.6
67680,20.0,5.0,8.5,1.0,8.0,7.6
68040,20.0,5.0,8.5,1.0,8.0,7.6
68220,20.0,5.0,8.5,1.0,8.0,7.6
68400,20.0,5.0,8.5,1.0,8.0,7.6
68580,20.0,5.0,8.5,1.0,8.0,7.6
68760,20.0,5.0,8.5,1.0,8.0,7.6
68940,20.0,5.0,8.5,1.0,8.0,7.6
69120,20.0,5.0,8.5,1.0,8.0,7.6
69300,20.0,5.0,8.5,1.0,8.0,7.6
69480,20.0,5.0,8.5,1.0,8.0,7.6
69660,20.0,5.0,8.5,1.0,8.0,7.6
69840,20.0,5.0,8.5,1.0,8.0,7.6
70020,20.0,5.0,8.5,1.0,8.0,7.6
70200,20.0,5.0,8.5,1.0,8.0,7.6
70380,20.0,5.0,8.5,1.0,8.0,7.6
70560,20.0,5.0,8.5,1.0,8.0,7.6
70740,20.0,5.0,8.5,1.0,8.0,7.6
70920,20.0,5.0,8.5,1.0,8.0,7.6
71100,20.0,5.0,8.5,1.0,8.0,7.6
71280,20.0,5.0,8.5,1.0,8.0,7.6
71460,20.0,5.0,8.5,1.0,8.0,7.6
71820,20.0,5.0,8.5,1.0,8.0,7.6
72000,20.0,5.0,8.5,1.0,8.0,7.6
72180,20.0,5.0,8.5,1.0,8.0,7.6
72360,20.0,5.0,8.5,1.0,8.0,7.6
72540,20.0,5.0,8.5,1.0,8.0,7.6
72720,20.0,5.0,8.5,1.0,8.0,7.6
73080,20.0,5.0,8.5,1.0,8.0,7.6
73260,20.0,5.0,8.5,1.0,8.0,7.6
73440,20.0,5.0,8.5,1.0,8.0,7.6
73620,20.0,5.0,8.5,1.0,8.0,7.6
73800,20.0,5.0,8.5,1.0,8.0,7.6
73980,20.0,5.0,8.5,1.0,8.0,7.6
74160,20.0,5.0,8.5,1.0,8.0,7.6
74340,20.0,5.0,8.5,1.0,8.0,7.6
74520,20.0,5.0,8.5,1.0,8.0,7.6
74700,20.0,5.0,8.5,1.0,8.0,7.6
74880,20.0,5.0,8.5,1.0,8.0,7.6
75060,20.0,5.0,8.5,1.0,8.0,7.6
75240,20.0,5.0,8.5,1.0,8.0,7.6
75600,20.0,5.0,8.5,1.0,8.0,7.6
75780,20.0,5.0,8.5,1.0,8.0,7.6
75960,20.0,5.0,8.5,1.0,8.0,7.6
76140,20.0,5.0,8.5,1.0,8.0,7.6
76320,20.0,5.0,8.5,1.0,8.0,7.6
76500,20.0,5.0,8.5,1.0,8.0,7.6
76680,20.0,5.0,8.5,1.0,8.0,7.6
76860,20.0,5.0,8.5,1.0,8.0,7.6
77040,20.0,5.0,8.5,1.0,8.0,7.6
77220,20.0,5.0,8.5,1.0,8.0,7.6
77400,20.0,5.0,8.5,1.0,8.0,7.6
77580,20.0,5.0,8.5,1.0,8.0,7.6
77760,20.0,5.0,8.5,1.0,8.0,7.6
77940,20.0,5.0,8.5,1.0,8.0,7.6
78120,20.0,5.0,8.5,1.0,8.0,7.6
78300,20.0,5.0,8.5,1.0,8.0,7.6
78480,20.0,5.0,8.5,1.0,8.0,7.6
78660,20.0,5.0,8.5,1.0,8.0,7.6
78840,20.0,5.0,8.5,1.0,8.0,7.6
79020,20.0,5.0,8.5,1.0,8.0,7.6
79200,20.0,5.0,8.5,1.0,8.0,7.6
79380,20.0,5.0,8.5,1.0,8.0,7.6
79560,20.0,5.0,8.5,1.0,8.0,7.6
79740,20.0,5.0,8.5,1.0,8.0,7.6
79920,20.0,5.0,8.5,1.0,8.0,7.6
80100,20.0,5.0,8.5,1.0,8.0,7.6
80280,20.0,5.0,8.5,1.0,8.0,7.6
80460,20.0,5.0,8.5,1.0,8.0,7.6
80640,20.0,5.0,8.5,1.0,8.0,7.6
80820,20.0,5.0,8.5,1.0,8.0,7.6
81000,20.0,5.0,8.5,1.0,8.0,7.6
81180,20.0,5.0,8.5,1.0,8.0,7.6
81360,20.0,5.0,8.5,1.0,8.0,7.6
81540,20.0,5.0,8.5,1.0,8.0,7.6
81720,20.0,5.0,8.5,1.0,8.0,7.6
81900,20.0,5.0,8.5,1.0,8.0,7.6
82080,20.0,5.0,8.5,1.0,8.0,7.6
82260,20.0,5.0,8.5,1.0,8.0,7.6
82440,20.0,5.0,8.5,1.0,8.0,7.6
82620,20.0,5.0,8.5,1.0,8.0,7.6
82800,20.0,5.0,8.5,1.0,8.0,7.6
82980,20.0,5.0,8.5,1.0,8.0,7.6
83160,20.0,5.0,8.5,1.0,8.0,7.6
83340,20.0,5.0,8.5,1.0,8.0,7.6
83520,20.0,5.0,8.5,1.0,8.0,7.6
83700,20.0,5.0,8.5,1.0,8.0,7.6
83880,20.0,5.0,8.5,1.0,8.0,7.6
84060,20.0,5.0,8.5,1.0,8.0,7.6
84240,20.0,5.0,8.5,1.0,8.0,7.6
84420,20.0,5.0,8.5,1.0,8.0,7.6
84600,20.0,5.0,8.5,1.0,8.0,7.6
84780,20.0,5.0,8.5,1.0,8.0,7.6
84960,20.0,5.0,8.5,1.0,8.0,7.6
85140,20.0,5.0,8.5,1.0,8.0,7.6
85320,20.0,5.0,8.5,1.0,8.0,7.6
85500,20.0,5.0,8.5,1.0,8.0,7.6
85680,20.0,5.0,8.5,1.0,8.0,7.6
85860,20.0,5.0,8.5,1.0,8.0,7.6
86040,20.0,5.0,8.5,1.0,8.0,7.6
86220,20.0,5.0,8.5,1.0,8.0,7.6
86400,20.0,5.0,8.5,1.0,8.0,7.6
86580,20.0,5.0,8.5,1.0,8.0,7.6
86760,20.0,5.0,8.5,1.0,8.0,7.6
86940,20.0,5.0,8.5,1.0,8.0,7.6
87120,20.0,5.0,8.5,1.0,8.0,7.6
87300,20.0,5.0,8.5,1.0,8.0,7.6
87480,20.0,5.0,8.5,1.0,8.0,7.6
87660,20.0,5.0,8.5,1.0,8.0,7.6
87840,20.0,5.0,8.5,1.0,8.0,7.6
88020,20.0,5.0,8.5,1.0,8.0,7.6
88200,20.0,5.0,8.5,1.0,8.0,7.6
88380,20.0,5.0,8.5,1.0,8.0,7.6
88560,20.0,5.0,8.5,1.0,8.0,7.6
88740,20.0,5.0,8.5,1.0,8.0,7.6
88920,20.0,5.0,8.5,1.0,8.0,7.6
89100,20.0,5.0,8.5,1.0,8.0,7.6
89280,20.0,5.0,8.5,1.0,8.0,7.6
89460,20.0,5.0,8.5,1.0,8.0,7.6
89640,20.0,5.0,8.5,1.0,8.0,7.6
89820,20.0,5.0,8.5,1.0,8.0,7.6
90000,20.0,5.0,8.5,1.0,8.0,7.6
90180,20.0,5.0,8.5,1.0,8.0,7.6
90360,20.0,5.0,8.5,1.0,8.0,7.6
90540,20.0,5.0,8.5,1.0,8.0,7.6
90720,20.0,5.0,8.5,1.0,8.0,7.6
90900,20.0,5.0,8.5,1.0,8.0,7.6
91080,20.0,5.0,8.5,1.0,8.0,7.6
91260,20.0,5.0,8.5,1.0,8.0,7.6
91440,20.0,5.0,8.5,1.0,8.0,7.6
91620,20.0,5.0,8.5,1.0,8.0,7.6
91800,20.0,5.0,8.5,1.0,8.0,7.6
91980,20.0,5.0,8.5,1.0,8.0,7.6
92160,20.0,5.0,8.5,1.0,8.0,7.6
92340,20.0,5.0,8.5,1.0,8.0,7.6
92520,20.0,5.0,8.5,1.0,8.0,7.6
92700,20.0,5.0,8.5,1.0,8.0,7.6
92880,20.0,5.0,8.5,1.0,8.0,7.6
93060,20.0,5.0,8.5,1.0,8.0,7.6
93240,20.0,5.0,8.5,1.0,8.0,7.6
93420,20.0,5.0,8.5,1.0,8.0,7.6
93600,20.0,5.0,8.5,1.0,8.0,7.6
93780,20.0,5.0,8.5,1.0,8.0,7.6
93960,20.0,5.0,8.5,1.0,8.0,7.6
94140,20.0,5.0,8.5,1.0,8.0,7.6
94320,20.0,5.0,8.5,1.0,8.0,7.6
94500,20.0,5.0,8.5,1.0,8.0,7.6
94680,20.0,5.0,8.5,1.0,8.0,7.6
94860,20.0,5.0,8.5,1.0,8.0,7.6
95040,20.0,5.0,8.5,1.0,8.0,7.6
95220,20.0,5.0,8.5,1.0,8.0,7.6
95400,20.0,5.0,8.5,1.0,8.0,7.6
95580,20.0,5.0,8.5,1.0,8.0,7.6
95760,20.0,5.0,8.5,1.0,8.0,7.6
95940,20.0,5.0,8.5,1.0,8.0,7.6
96120,20.0,5.0,8.5,1.0,8.0,7.6
96300,20.0,5.0,8.5,1.0,8.0,7.6
96480,20.0,5.0,8.5,1.0,8.0,7.6
96660,20.0,5.0,8.5,1.0,8.0,7.6
96840,20.0,5.0,8.5,1.0,8.0,7.6
96660,20.0,5.0,8.5,1.0,8.0,7.6
96840,20.0,5.0,8.5,1.0,8.0,7.6
97020,20.0,5.0,8.5,1.0,8.0,7.6
97200,20.0,5.0,8.5,1.0,8.0,7.6
97380,20.0,5.0,8.5,1.0,8.0,7.6
97560,20.0,5.0,8.5,1.0,8.0,7.6
97740,20.0,5.0,8.5,1.0,8.0,7.6
97920,20.0,5.0,8.5,1.0,8.0,7.6
98100,20.0,5.0,8.5,1.0,8.0,7.6
98280,20.0,5.0,8.5,1.0,8.0,7.6
98460,20.0,5.0,8.5,1.0,8.0,7.6
98640,20.0,5.0,8.5,1.0,8.0,7.6
98820,20.0,5.0,8.5,1.0,8.0,7.6
99000,20.0,5.0,8.5,1.0,8.0,7.6
99180,20.0,5.0,8.5,1.0,8.0,7.6
99360,20.0,5.0,8.5,1.0,8.0,7.6
99540,20.0,5.0,8.5,1.0,8.0,7.6
99720,20.0,5.0,8.5,1.0,8.0,7.6
99900,20.0,5.0,8.5,1.0,8.0,7.6
100080,20.0,5.0,8.5,1.0,8.0,7.6
100260,20.0,5.0,8.5,1.0,8.0,7.6
100440,20.0,5.0,8.5,1.0,8.0,7.6
100620,20.0,5.0,8.5,1.0,8.0,7.6
100800,20.0,5.0,8.5,1.0,8.0,7.6
100980,20.0,5.0,8.5,1.0,8.0,7.6
101160,20.0,5.0,8.5,1.0,8.0,7.6
101340,20.0,5.0,8.5,1.0,8.0,7.6
101520,20.0,5.0,8.5,1.0,8.0,7.6
101700,20.0,5.0,8.5,1.0,8.0,7.6
101880,20.0,5.0,8.5,1.0,8.0,7.6
102060,20.0,5.0,8.5,1.0,8.0,7.6
102240,20.0,5.0,8.5,1.0,8.0,7.6
102420,20.0,5.0,8.5,1.0,8.0,7.6
102600,20.0,5.0,8.5,1.0,8.0,7.6
102780,20.0,5.0,8.5,1.0,8.0,7.6
102960,20.0,5.0,8.5,1.0,8.0,7.6
103140,20.0,5.0,8.5,1.0,8.0,7.6
103320,20.0,5.0,8.5,1.0,8.0,7.6
103500,20.0,5.0,8.5,1.0,8.0,7.6
103680,20.0,5.0,8.5,1.0,8.0,7.6
103860,20.0,5.0,8.5,1.0,8.0,7.6
104040,20.0,5.0,8.5,1.0,8.0,7.6
104220,20.0,5.0,8.5,1.0,8.0,7.6
104400,20.0,5.0,8.5,1.0,8.0,7.6
104580,20.0,5.0,8.5,1.0,8.0,7.6
104760,20.0,5.0,8.5,1.0,8.0,7.6
104940,20.0,5.0,8.5,1.0,8.0,7.6
105120,20.0,5.0,8.5,1.0,8.0,7.6
105300,20.0,5.0,8.5,1.0,8.0,7.6
105480,20.0,5.0,8.5,1.0,8.0,7.6
105660,20.0,5.0,8.5,1.0,8.0,7.6
105840,20.0,5.0,8.5,1.0,8.0,7.6
106020,20.0,5.0,8.5,1.0,8.0,7.6
106200,20.0,5.0,8.5,1.0,8.0,7.6
106380,20.0,5.0,8.5,1.0,8.0,7.6
106560,20.0,5.0,8.5,1.0,8.0,7.6
106740,20.0,5.0,8.5,1.0,8.0,7.6
106920,20.0,5.0,8.5,1.0,8.0,7.6
107100,20.0,5.0,8.5,1.0,8.0,7.6
107280,20.0,5.0,8.5,1.0,8.0,7.6
107460,20.0,5.0,8.5,1.0,8.0,7.6
107640,20.0,5.0,8.5,1.0,8.0,7.6
107820,20.0,5.0,8.5,1.0,8.0,7.6
108000,20.0,5.0,8.5,1.0,8.0,7.6
108180,20.0,5.0,8.5,1.0,8.0,7.6
108360,20.0,5.0,8.5,1.0,8.0,7.6
108540,20.0,5.0,8.5,1.0,8.0,7.6
108720,20.0,5.0,8.5,1.0,8.0,7.6
108900,20.0,5.0,8.5,1.0,8.0,7.6
109080,20.0,5.0,8.5,1.0,8.0,7.6
109260,20.0,5.0,8.5,1.0,8.0,7.6
109440,20.0,5.0,8.5,1.0,8.0,7.6
109620,20.0,5.0,8.5,1.0,8.0,7.6
109800,20.0,5.0,8.5,1.0,8.0,7.6
109980,20.0,5.0,8.5,1.0,8.0,7.6
110160,20.0,5.0,8.5,1.0,8.0,7.6
110340,20.0,5.0,8.5,1.0,8.0,7.6
110520,20.0,5.0,8.5,1.0,8.0,7.6
110700,20.0,5.0,8.5,1.0,8.0,7.6
110880,20.0,5.0,8.5,1.0,8.0,7.6
111060,20.0,5.0,8.5,1.0,8.0,7.6
111240,20.0,5.0,8.5,1.0,8.0,7.6
111420,20.0,5.0,8.5,1.0,8.0,7.6
111600,20.0,5.0,8.5,1.0,8.0,7.6
111780,20.0,5.0,8.5,1.0,8.0,7.6
111960,20.0,5.0,8.5,1.0,8.0,7.6
112140,20.0,5.0,8.5,1.0,8.0,7.6
112320,20.0,5.0,8.5,1.0,8.0,7.6
112500,20.0,5.0,8.5,1.0,8.0,7.6
112680,20.0,5.0,8.5,1.0,8.0,7.6
112860,20.0,5.0,8.5,1.0,8.0,7.6
113040,20.0,5.0,8.5,1.0,8.0,7.6
113220,20.0,5.0,8.5,1.0,8.0,7.6
113400,20.0,5.0,8.5,1.0,8.0,7.6
113580,20.0,5.0,8.5,1.0,8.0,7.6
113760,20.0,5.0,8.5,1.0,8.0,7.6
113940,20.0,5.0,8.5,1.0,8.0,7.6
114120,20.0,5.0,8.5,1.0,8.0,7.6
114300,20.0,5.0,8.5,1.0,8.0,7.6
114480,20.0,5.0,8.5,1.0,8.0,7.6
114660,20.0,5.0,8.5,1.0,8.0,7.6
114840,20.0,5.0,8.5,1.0,8.0,7.6
115020,20.0,5.0,8.5,1.0,8.0,7.6
115200,20.0,5.0,8.5,1.0,8.0,7.6
115380,20.0,5.0,8.5,1.0,8.0,7.6
115560,20.0,5.0,8.5,1.0,8.0,7.6
115740,20.0,5.0,8.5,1.0,8.0,7.6
115920,20.0,5.0,8.5,1.0,8.0,7.6
116100,20.0,5.0,8.5,1.0,8.0,7.6
116280,20.0,5.0,8.5,1.0,8.0,7.6
116460,20.0,5.0,8.5,1.0,8.0,7.6
116640,20.0,5.0,8.5,1.0,8.0,7.6
116820,20.0,5.0,8.5,1.0,8.0,7.6
117000,20.0,5.0,8.5,1.0,8.0,7.6
117180,20.0,5.0,8.5,1.0,8.0,7.6
117360,20.0,5.0,8.5,1.0,8.0,7.6
117540,20.0,5.0,8.5,1.0,8.0,7.6
117720,20.0,5.0,8.5,1.0,8.0,7.6
117900,20.0,5.0,8.5,1.0,8.0,7.6
118080,20.0,5.0,8.5,1.0,8.0,7.6
118260,20.0,5.0,8.5,1.0,8.0,7.6
118440,20.0,5.0,8.5,1.0,8.0,7.6
118620,20.0,5.0,8.5,1.0,8.0,7.6
118800,20.0,5.0,8.5,1.0,8.0,7.6
118980,20.0,5.0,8.5,1.0,8.0,7.6
119160,20.0,5.0,8.5,1.0,8.0,7.6
119340,20.0,5.0,8.5,1.0,8.0,7.6
119520,20.0,5.0,8.5,1.0,8.0,7.6
119700,20.0,5.0,8.5,1.0,8.0,7.6
119880,20.0,5.0,8.5,1.0,8.0,7.6
120060,20.0,5.0,8.5,1.0,8.0,7.6
120240,20.0,5.0,8.5,1.0,8.0,7.6
120600,20.0,5.0,8.5,1.0,8.0,7.6
120780,20.0,5.0,8.5,1.0,8.0,7.6
120960,20.0,5.0,8.5,1.0,8.0,7.6
121140,20.0,5.0,8.5,1.0,8.0,7.6
121320,20.0,5.0,8.5,1.0,8.0,7.6
121500,20.0,5.0,8.5,1.0,8.0,7.6
121680,20.0,5.0,8.5,1.0,8.0,7.6
121860,20.0,5.0,8.5,1.0,8.0,7.6
122040,20.0,5.0,8.5,1.0,8.0,7.6
122220,20.0,5.0,8.5,1.0,8.0,7.6
122400,20.0,5.0,8.5,1.0,8.0,7.6
122580,20.0,5.0,8.5,1.0,8.0,7.6
122760,20.0,5.0,8.5,1.0,8.0,7.6
122940,20.0,5.0,8.5,1.0,8.0,7.6
123120,20.0,5.0,8.5,1.0,8.0,7.6
123300,20.0,5.0,8.5,1.0,8.0,7.6